name: Results for experiment 6
description: Results for experiment 6
accuracy: 0.865
precision: 0.8645833333333333
recall: 0.8649122807017544
ami: 0.4264178274507059
