name: Results for experiment 2
description: Results for experiment 2
accuracy: 0.85
precision: 0.8521303258145363
recall: 0.8521303258145363
ami: 0.39733369487500664
