name: Results for experiment 11
description: Results for experiment 11
accuracy: 0.86
precision: 0.8595736162546291
recall: 0.8601503759398497
ami: 0.4135419873890858
