name: Results for experiment 15
description: Results for experiment 15
accuracy: 0.705
precision: 0.7321428571428572
recall: 0.6954887218045113
ami: 0.1426289602099171
