name: Results for experiment 4
description: Results for experiment 4
accuracy: 0.505
precision: 0.5075757575757576
recall: 0.5075187969924811
ami: -0.003498638564477616
