name: Results for experiment 17
description: Results for experiment 17
accuracy: 0.745
precision: 0.7445978391356542
recall: 0.7451127819548873
ami: 0.17782168723235653
