name: Results for experiment 3
description: Results for experiment 3
accuracy: 0.715
precision: 0.77
recall: 0.7030075187969924
ami: 0.18710101398305556
