name: Results for experiment 4
description: Results for experiment 4
accuracy: 0.575
precision: 0.5889756944444444
recall: 0.5822055137844612
ami: 0.01828979045783774
