name: Results for experiment 1
description: Results for experiment 1
accuracy: 0.88
precision: 0.8797879787978797
recall: 0.880701754385965
ami: 0.4704333250098475
