name: Results for experiment 18
description: Results for experiment 18
accuracy: 0.98
precision: 0.9797979797979798
recall: 0.980952380952381
ami: 0.8777248209127567
