name: Results for experiment 4
description: Results for experiment 4
accuracy: 0.515
precision: 0.5176767676767676
recall: 0.5175438596491229
ami: -0.0027617906802417194
