name: Results for experiment 16
description: Results for experiment 16
accuracy: 0.905
precision: 0.9049931562072262
recall: 0.905013407004144
ami: 0.5466825626327941
