name: Results for experiment 21
description: Results for experiment 21
accuracy: 0.98
precision: 0.979681713542188
recall: 0.9804511278195489
ami: 0.8616125327343999
