name: Results for experiment 1
description: Results for experiment 1
accuracy: 0.87
precision: 0.8702870287028703
recall: 0.8711779448621554
ami: 0.44445451414284753
