name: Results for experiment 4
description: Results for experiment 4
accuracy: 0.55
precision: 0.5541653951785169
recall: 0.5533834586466165
ami: 0.004784818728299431
