name: Results for experiment 21
description: Results for experiment 21
accuracy: 0.965
precision: 0.965
recall: 0.9661654135338346
ami: 0.7940446603152974
