name: Results for experiment 19
description: Results for experiment 19
accuracy: 0.975
precision: 0.975
recall: 0.9761904761904762
ami: 0.8552428154830702
