name: Results for experiment 4
description: Results for experiment 4
accuracy: 0.53
precision: 0.5331511286567466
recall: 0.5328320802005012
ami: -0.0004945141407343141
