name: Results for experiment 17
description: Results for experiment 17
accuracy: 0.78
precision: 0.7874254629145309
recall: 0.775438596491228
ami: 0.24454744709568124
