name: Results for experiment 2
description: Results for experiment 2
accuracy: 0.73
precision: 0.7336860670194003
recall: 0.7258145363408521
ami: 0.15720474134131127
