name: Results for experiment 3
description: Results for experiment 3
accuracy: 0.7
precision: 0.7596996245306633
recall: 0.687218045112782
ami: 0.16710328903133398
