name: Results for experiment 9
description: Results for experiment 9
accuracy: 0.53
precision: 0.5338215847828298
recall: 0.5333333333333333
ami: -0.00038131404680934335
