name: Results for experiment 2
description: Results for experiment 2
accuracy: 0.86
precision: 0.8610749674707237
recall: 0.8616541353383459
ami: 0.42015978752096195
