name: Results for experiment 1
description: Results for experiment 1
accuracy: 0.86
precision: 0.8621553884711779
recall: 0.8621553884711779
ami: 0.42399460390177157
