name: Results for experiment 2
description: Results for experiment 2
accuracy: 0.855
precision: 0.8556422569027611
recall: 0.856390977443609
ami: 0.40532985639750835
