name: Results for experiment 4
description: Results for experiment 4
accuracy: 0.49
precision: 0.4926612005263691
recall: 0.49273182957393485
ami: -0.0035119797610194178
