name: Results for experiment 20
description: Results for experiment 20
accuracy: 0.97
precision: 0.9697969796979697
recall: 0.9709273182957393
ami: 0.8149928389393987
