name: Results for experiment 20
description: Results for experiment 20
accuracy: 0.975
precision: 0.9746898759503801
recall: 0.9756892230576442
ami: 0.837389936571247
