name: Results for experiment 4
description: Results for experiment 4
accuracy: 0.52
precision: 0.5224316967436233
recall: 0.5223057644110276
ami: -0.0022062782864863922
