name: Results for experiment 4
description: Results for experiment 4
accuracy: 0.53
precision: 0.5345268542199488
recall: 0.5338345864661654
ami: -0.00026234789916560294
