name: Results for experiment 4
description: Results for experiment 4
accuracy: 0.52
precision: 0.5242966751918159
recall: 0.5238095238095238
ami: -0.001989518577533397
