name: Results for experiment 1
description: Results for experiment 1
accuracy: 0.865
precision: 0.8665865384615384
recall: 0.8669172932330828
ami: 0.43569308728968414
