name: Results for experiment 5
description: Results for experiment 5
accuracy: 0.63
precision: 0.6827520305781176
recall: 0.6150375939849624
ami: 0.06957127300175865
