name: Results for experiment 8
description: Results for experiment 8
accuracy: 0.84
precision: 0.8560000000000001
recall: 0.8345864661654135
ami: 0.39346571495462085
